1.40 -1345.81809328
1.41 -1345.82570471
1.42 -1345.82894810
1.43 -1345.83169191
1.44 -1345.83711049
1.45 -1345.84189515
1.46 -1345.84429688
1.47 -1345.84619815
1.48 -1345.85001157
1.49 -1345.85338956
1.50 -1345.85516852
1.51 -1345.85635976
1.52 -1345.85891262
1.53 -1345.86115944
1.54 -1345.86230206
1.55 -1345.86302806
1.56 -1345.86463625
1.57 -1345.86598009
1.58 -1345.86673845
1.59 -1345.86710958
1.60 -1345.86812188
1.61 -1345.86879116
1.62 -1345.86928460
1.63 -1345.86935648
1.64 -1345.86952210
1.65 -1345.86968207
1.66 -1345.86974509
1.67 -1345.86973588
1.68 -1345.86971558
1.69 -1345.86956797
1.70 -1345.86935871
1.71 -1345.86921180
1.72 -1345.86905190
1.73 -1345.86869314
1.74 -1345.86828807
1.75 -1345.86806145
1.76 -1345.86783406
1.77 -1345.86734430
1.78 -1345.86682887
1.79 -1345.87311503
1.80 -1345.87339755
1.81 -1345.87428930
1.82 -1345.87480266
1.83 -1345.87522287
1.84 -1345.87556339
1.85 -1345.87638234
1.86 -1345.87721932
1.87 -1345.87775044
1.88 -1345.87802009
1.89 -1345.87896752
1.90 -1345.87832645
1.91 -1345.87903480
1.92 -1345.87945563
1.93 -1345.88049078
1.94 -1345.88144001
1.95 -1345.88200874
1.96 -1345.88230566
1.97 -1345.88309111
1.98 -1345.88380073
1.99 -1345.88423936
2.00 -1345.88443888
2.01 -1345.88500702
2.02 -1345.88550953
2.03 -1345.88594964
2.04 -1345.88613306
2.05 -1345.88633095
2.06 -1345.88665523
2.07 -1345.88692584
2.08 -1345.88703998
2.09 -1345.88714566
2.10 -1345.88731647
2.11 -1345.88744095
2.12 -1345.88748820
2.13 -1345.88752146
2.14 -1345.88755975
2.15 -1345.88755796
2.16 -1345.88754061
2.17 -1345.88751808
2.18 -1345.88744204
2.19 -1345.88733165
2.20 -1345.88725279
2.21 -1345.88718846
2.22 -1345.88701461
2.23 -1345.88681166
2.24 -1345.88667513
2.25 -1345.88658096
2.26 -1345.88632480
2.27 -1345.88604462
2.28 -1345.88585471
2.29 -1345.88574138
2.30 -1345.88541771
2.31 -1345.88507453
2.32 -1345.88483721
2.33 -1345.88471361
2.34 -1345.88433455
2.35 -1345.88394110
2.36 -1345.88365998
2.37 -1345.88353270
2.38 -1345.88311186
2.39 -1345.88267902
2.40 -1345.88236092
2.41 -1345.88223406
2.42 -1345.88177810
2.43 -1345.88131518
2.44 -1345.88084023
2.45 -1345.88059641
2.46 -1345.88036257
2.47 -1345.87987679
2.48 -1345.87938143
2.49 -1345.87910389
2.50 -1345.87886968
2.51 -1345.87836497
2.52 -1345.87785015
2.53 -1345.87756845
2.54 -1345.87734145
2.55 -1345.87681019
2.56 -1345.87628404
2.57 -1345.87596937
2.58 -1345.87575368
2.59 -1345.87522561
2.60 -1345.87469597
2.61 -1345.87436086
2.62 -1345.87415333
2.63 -1345.87361138
2.64 -1345.87307164
2.65 -1345.87271996
2.66 -1345.87252889
2.67 -1345.87198636
2.68 -1345.87144301
2.69 -1345.87107328
2.70 -1345.87089893
2.71 -1345.87035523
2.72 -1345.86981295
2.73 -1345.86942583
2.74 -1345.86926759
2.75 -1345.86873188
2.76 -1345.86818082
2.77 -1345.86778562
2.78 -1345.86764123
2.79 -1345.86709993
2.80 -1345.86657114
2.81 -1345.86614944
2.82 -1345.86603753
2.83 -1345.86549112
2.84 -1345.86495870
2.85 -1345.86442715
2.86 -1345.86415069
2.87 -1345.86391417
2.88 -1345.86336836
2.89 -1345.86284449
2.90 -1345.86254203
2.91 -1345.86232242
2.92 -1345.86180563
2.93 -1345.86129086
2.94 -1345.86097775
2.95 -1345.86077691
2.96 -1345.86026732
2.97 -1345.85976062
2.98 -1345.85943797
2.99 -1345.85925649
3.00 -1345.85875999
3.01 -1345.85826186
3.02 -1345.85792907
3.03 -1345.85778096
3.04 -1345.85727588
3.05 -1345.85679009
3.06 -1345.85645562
3.07 -1345.85630991
3.08 -1345.85583912
3.09 -1345.85537954
3.10 -1345.85503720
3.11 -1345.85490723
3.12 -1345.85441568
3.13 -1345.85395550
3.14 -1345.85360939
3.15 -1345.85349714
3.16 -1345.85304437
3.17 -1345.85259300
3.18 -1345.85224614
3.19 -1345.85214756
3.20 -1345.85170914
3.21 -1345.85127380
3.22 -1345.85092238
3.23 -1345.85084342
3.24 -1345.85041748
3.25 -1345.84999632
3.26 -1345.84958060
3.27 -1345.84933438
3.28 -1345.84916925
3.29 -1345.84876463
3.30 -1345.84836392
3.31 -1345.84811377
3.32 -1345.84796722
3.33 -1345.84757767
3.34 -1345.84719197
3.35 -1345.84694173
3.36 -1345.84681112
3.37 -1345.84644571
3.38 -1345.84606880
3.39 -1345.84583031
3.40 -1345.84570861
3.41 -1345.84535078
3.42 -1345.84499566
3.43 -1345.84474679
3.44 -1345.84464753
3.45 -1345.84430643
3.46 -1345.84396975
3.47 -1345.84372259
3.48 -1345.84364010
3.49 -1345.84332764
3.50 -1345.84301757
3.51 -1345.84275089
3.52 -1345.84268024
3.53 -1345.84236382
3.54 -1345.84205753
3.55 -1345.84181644
3.56 -1345.84175666
3.57 -1345.84146261
3.58 -1345.84116873
3.59 -1345.84093522
3.60 -1345.84088238
3.61 -1345.84060184
3.62 -1345.84033408
3.63 -1345.84009574
3.64 -1345.84005303
3.65 -1345.83979273
3.66 -1345.83951915
3.67 -1345.83927853
3.68 -1345.83909758
3.69 -1345.83902117
3.70 -1345.83876016
3.71 -1345.83852261
3.72 -1345.83834918
3.73 -1345.83828405
3.74 -1345.83804811
3.75 -1345.83781378
3.76 -1345.83764725
3.77 -1345.83760963
3.78 -1345.83738478
3.79 -1345.83713819
3.80 -1345.83697785
3.81 -1345.83692564
3.82 -1345.83669636
3.83 -1345.83648742
3.84 -1345.83633210
3.85 -1345.83628204
3.86 -1345.83608055
3.87 -1345.83588446
3.88 -1345.83573235
3.89 -1345.83569030
3.90 -1345.83550104
3.91 -1345.83531393
3.92 -1345.83516183
3.93 -1345.83512911
3.94 -1345.83494913
3.95 -1345.83477246
3.96 -1345.83462786
3.97 -1345.83459852
3.98 -1345.83442891
3.99 -1345.83426193
4.00 -1345.83411902
4.01 -1345.83409799
4.02 -1345.83393708
4.03 -1345.83377809
4.04 -1345.83363825
4.05 -1345.83362260
4.06 -1345.83347074
4.07 -1345.83332120
4.08 -1345.83317413
4.09 -1345.83307549
4.10 -1345.83302994
4.11 -1345.83288905
4.12 -1345.83275034
4.13 -1345.83265236
4.14 -1345.83261431
4.15 -1345.83248070
4.16 -1345.83235068
4.17 -1345.83225370
4.18 -1345.83222041
4.19 -1345.83209348
4.20 -1345.83196937
4.21 -1345.83187476
4.22 -1345.83184756
4.23 -1345.83172797
4.24 -1345.83161054
4.25 -1345.83151815
4.26 -1345.83149493
4.27 -1345.83138347
4.28 -1345.83127074
4.29 -1345.83118005
4.30 -1345.83116153
4.31 -1345.83105470
4.32 -1345.83094925
4.33 -1345.83086007
4.34 -1345.83084581
4.35 -1345.83074442
4.36 -1345.83064520
4.37 -1345.83055759
4.38 -1345.83054686
4.39 -1345.83045080
4.40 -1345.83035889
4.41 -1345.83027103
4.42 -1345.83026349
4.43 -1345.83017469
4.44 -1345.83008288
4.45 -1345.83000184
4.46 -1345.82999726
4.47 -1345.82990849
4.48 -1345.82982585
4.49 -1345.82974252
4.50 -1345.82968203
4.51 -1345.82966040
4.52 -1345.82957984
4.53 -1345.82950068
4.54 -1345.82944104
4.55 -1345.82942277
4.56 -1345.82934631
4.57 -1345.82927115
4.58 -1345.82921233
4.59 -1345.82919714
4.60 -1345.82912457
4.61 -1345.82905313
4.62 -1345.82899517
4.63 -1345.82898277
4.64 -1345.82891368
4.65 -1345.82884575
4.66 -1345.82878873
4.67 -1345.82877883
4.68 -1345.82871312
4.69 -1345.82864845
4.71 -1345.82858478
4.72 -1345.82852201
4.73 -1345.82846048
4.74 -1345.82845040
4.75 -1345.82839985
4.76 -1345.82834029
4.77 -1345.82828168
4.78 -1345.82827048
4.79 -1345.82822392
4.80 -1345.82816716
4.81 -1345.82811128
4.82 -1345.82809907
4.83 -1345.82805621
4.84 -1345.82800207
4.85 -1345.82794879
4.86 -1345.82793570
4.87 -1345.82789625
4.88 -1345.82784460
4.89 -1345.82779357
4.90 -1345.82777987
4.91 -1345.82774340
4.92 -1345.82769407
4.93 -1345.82764549
4.94 -1345.82759763
4.95 -1345.82759452
4.96 -1345.82755043
4.97 -1345.82750401
4.98 -1345.82745825
4.99 -1345.82745418
5.00 -1345.82741312
5.01 -1345.82736872
5.02 -1345.82732497
5.03 -1345.82731979
5.04 -1345.82728179
5.05 -1345.82723929
5.06 -1345.82719744
5.07 -1345.82719135
5.08 -1345.82715609
5.09 -1345.82711541
5.10 -1345.82707529
5.11 -1345.82706841
5.12 -1345.82703612
5.13 -1345.82699719
5.14 -1345.82695879
5.15 -1345.82695085
5.16 -1345.82692117
5.17 -1345.82688355
5.18 -1345.82684661
5.19 -1345.82683795
5.20 -1345.82681020
5.21 -1345.82677434
5.22 -1345.82673897
5.23 -1345.82672970
5.24 -1345.82670404
5.25 -1345.82666902
5.26 -1345.82663557
5.27 -1345.82662577
5.28 -1345.82660161
5.29 -1345.82656853
5.30 -1345.82653595
5.31 -1345.82652599
5.32 -1345.82650384
5.33 -1345.82647200
5.34 -1345.82644077
5.35 -1345.82640969
5.36 -1345.82640627
5.37 -1345.82637962
5.38 -1345.82634951
5.39 -1345.82631978
5.40 -1345.82631518
5.41 -1345.82629041
5.42 -1345.82626145
5.43 -1345.82623288
5.44 -1345.82622762
5.45 -1345.82620406
5.46 -1345.82617624
5.47 -1345.82614828
5.48 -1345.82614298
5.49 -1345.82612114
5.50 -1345.82609441
5.51 -1345.82606803
5.52 -1345.82606220
5.53 -1345.82604197
5.54 -1345.82601665
5.55 -1345.82599105
5.56 -1345.82598470
5.57 -1345.82596641
5.58 -1345.82594154
5.59 -1345.82591775
5.60 -1345.82591066
5.61 -1345.82589360
5.62 -1345.82587067
5.63 -1345.82584741
5.64 -1345.82584097
5.65 -1345.82582537
5.66 -1345.82580349
5.67 -1345.82578219
5.68 -1345.82577490
5.69 -1345.82576165
5.70 -1345.82574199
5.71 -1345.82572336
5.72 -1345.82571687
5.73 -1345.82570599
5.74 -1345.82569059
5.75 -1345.82567481
5.76 -1345.82566131
5.77 -1345.82565915
5.78 -1345.82564487
5.79 -1345.82561414
5.80 -1345.82555086
5.81 -1345.82553828
5.82 -1345.82550407
5.83 -1345.82553135
5.84 -1345.82553838
5.85 -1345.82553532
5.86 -1345.82550712
5.87 -1345.82547580
5.88 -1345.82544549
5.89 -1345.82543884
5.90 -1345.82541797
5.91 -1345.82539290
5.92 -1345.82536982
5.93 -1345.82536400
5.94 -1345.82534795
5.95 -1345.82532713
5.96 -1345.82530709
5.97 -1345.82530141
5.98 -1345.82528764
5.99 -1345.82526871
6.00 -1345.82524983
6.01 -1345.82524434
6.02 -1345.82523059
6.03 -1345.82521396
6.04 -1345.82519623
6.05 -1345.82519051
6.06 -1345.82517888
6.07 -1345.82516154
6.08 -1345.82514465
6.09 -1345.82513712
6.10 -1345.82512793
6.11 -1345.82511145
6.12 -1345.82509514
6.13 -1345.82508863
6.14 -1345.82507899
6.15 -1345.82506285
6.16 -1345.82504706
6.17 -1345.82503144
6.18 -1345.82502848
6.19 -1345.82501595
6.20 -1345.82500065
6.21 -1345.82498550
6.22 -1345.82498221
6.23 -1345.82496493
6.24 -1345.82495013
6.25 -1345.82493546
6.26 -1345.82493190
6.27 -1345.82492091
6.28 -1345.82490654
6.29 -1345.82489229
6.30 -1345.82488841
6.31 -1345.82487816
6.32 -1345.82486420
6.33 -1345.82485036
6.34 -1345.82484621
6.35 -1345.82483664
6.36 -1345.82482307
6.37 -1345.82480963
6.38 -1345.82480521
6.39 -1345.82479629
6.40 -1345.82478310
6.41 -1345.82477004
6.42 -1345.82476540
6.43 -1345.82475708
6.44 -1345.82474424
6.45 -1345.82473153
6.46 -1345.82472667
6.47 -1345.82471895
6.48 -1345.82470649
6.49 -1345.82469415
6.50 -1345.82468906
6.51 -1345.82468192
6.52 -1345.82466981
6.53 -1345.82465783
6.54 -1345.82465254
6.55 -1345.82464594
6.56 -1345.82462251
6.57 -1345.82461070
6.58 -1345.82459900
6.59 -1345.82459637
6.60 -1345.82458739
6.61 -1345.82457590
6.62 -1345.82456452
6.63 -1345.82456143
6.64 -1345.82455301
6.65 -1345.82454185
6.66 -1345.82453079
6.67 -1345.82452777
6.68 -1345.82451982
6.69 -1345.82450891
6.70 -1345.82449816
6.71 -1345.82449328
6.72 -1345.82448591
6.73 -1345.82447534
6.74 -1345.82446487
6.75 -1345.82446137
6.76 -1345.82445448
6.77 -1345.82444421
6.78 -1345.82443404
6.80 -1345.82442396
6.81 -1345.82441398
6.82 -1345.82440409
6.84 -1345.82439319
6.85 -1345.82438360
6.86 -1345.82437410
6.88 -1345.82436467
6.89 -1345.82435534
6.90 -1345.82434010
6.92 -1345.82433099
6.93 -1345.82432186
6.94 -1345.82431298
6.96 -1345.82430409
6.97 -1345.82429534
6.98 -1345.82428669
6.99 -1345.82427809
7.01 -1345.82426964
7.02 -1345.82424851
7.03 -1345.82424019
7.05 -1345.82423195
7.06 -1345.82422380
7.07 -1345.82421574
7.09 -1345.82420775
7.10 -1345.82419984
7.11 -1345.82419201
7.13 -1345.82418427
7.14 -1345.82417660
7.15 -1345.82416902
7.17 -1345.82416147
7.18 -1345.82415403
7.19 -1345.82414667
7.21 -1345.82413909
7.22 -1345.82413191
7.23 -1345.82412097
7.25 -1345.82411380
7.26 -1345.82410593
7.27 -1345.82409905
7.29 -1345.82409214
7.30 -1345.82408539
7.31 -1345.82407790
7.33 -1345.82407123
7.34 -1345.82406426
7.35 -1345.82405775
7.37 -1345.82405126
7.38 -1345.82404486
7.39 -1345.82403854
7.40 -1345.82403228
7.42 -1345.82402607
7.43 -1345.82401974
7.44 -1345.82401366
7.46 -1345.82400762
7.47 -1345.82400163
7.48 -1345.82399572
7.50 -1345.82398669
7.51 -1345.82397929
7.52 -1345.82397356
7.54 -1345.82396787
7.55 -1345.82396226
7.56 -1345.82395669
7.58 -1345.82395116
7.59 -1345.82394283
7.60 -1345.82392330
7.62 -1345.82391769
7.63 -1345.82391234
7.64 -1345.82390705
7.66 -1345.82379955
7.67 -1345.82379439
7.68 -1345.82378931
7.70 -1345.82378434
7.71 -1345.82377922
7.72 -1345.82377427
7.74 -1345.82376935
7.75 -1345.82376448
7.76 -1345.82375974
7.78 -1345.82375485
7.79 -1345.82375010
7.80 -1345.82374539
7.81 -1345.82374072
7.83 -1345.82373608
7.84 -1345.82373150
7.85 -1345.82372694
7.87 -1345.82372240
7.88 -1345.82371795
7.89 -1345.82371348
7.91 -1345.82370904
7.92 -1345.82370470
7.93 -1345.82370028
7.95 -1345.82369597
7.96 -1345.82367683
7.97 -1345.82365744
7.99 -1345.82363030
8.00 -1345.82362568
